     439 1800
     215 1803
     333 1804
     696 1805
    1439 1806
     759 1807
      98 1809
     403 1811
     398 1812
     865 1814
     307 1815
    6672 1816
    5745 1817
    4280 1818
    4427 1819
    2294 1820
     782 1821
     119 1822
     597 1823
     394 1824
    1699 1826
    1528 1836
     947 1837
     265 1838
     418 1840
    2204 1842
    8773 1843
    1099 1844
    3428 1845
    4763 1846
    2612 1848
   10459 1849
    8349 1850
    9933 1851
     401 1852
    1678 1853
    5788 1854
   15962 1855
   21792 1856
     711 1857
    2112 1858
    4768 1859
    9285 1860
  202295 1861
  497823 1862
  615658 1863
  735910 1864
 1073498 1865
  747060 1866
  618829 1867
  599300 1868
   55635 1869
  234094 1870
  326429 1871
  281682 1872
  359910 1873
  302585 1874
  270972 1875
  117593 1876
     805 1877
     379 1878
     413 1879
     380 1880
    6156 1881
     715 1882
     569 1883
     964 1884
   12729 1885
   14471 1886
  119910 1887
  329718 1888
  148407 1889
  226706 1890
  227104 1891
  222685 1892
  483812 1893
  324952 1894
  335132 1895
  231609 1896
  219572 1897
  266442 1898
  239351 1899
  297858 1900
  206776 1901
  237668 1902
  177968 1903
  200285 1904
  260491 1905
  323477 1906
  313018 1907
  177284 1908
  222407 1909
  256957 1910
  274015 1911
  378556 1912
  329894 1913
  588344 1914
  838407 1915
  689674 1916
 1144719 1917
 1713466 1918
 2841574 1919
  673915 1920
  554814 1921
  596926 1922
  639500 1923
  487261 1924
  493418 1925
  622623 1926
  762246 1927
  866147 1928
  960611 1929
  645270 1930
 1051269 1931
 1403256 1932
 1440398 1933
 1415528 1934
 1385827 1935
 1423475 1936
 1660410 1937
 1672103 1938
 1625009 1939
 1697216 1940
 2350874 1941
 1972367 1942
 3011814 1943
 3169949 1944
 5031182 1945
 4317255 1946
 2949463 1947
 3326107 1948
 3251899 1949
 3211985 1950
 4296433 1951
 2724139 1952
 3063104 1953
 3775948 1954
 2370214 1955
 2228485 1956
 2121929 1957
 1851966 1958
 1962079 1959
 1753744 1960
 2152401 1961
 2350262 1962
 1887633 1963
 1918085 1964
 1819482 1965
 1429814 1966
 1720957 1967
 1773093 1968
 1696929 1969
 2051975 1970
 2313857 1971
 2118465 1972
 1691391 1973
 1391631 1974
 1545792 1975
 1377146 1976
 1549973 1977
 1286147 1978
  958065 1979
  704845 1980
  162014 1981
  300693 1982

 137 billion total
